1:
  costs:
    avg_cost_per_query: 0.00020775563909774435
    avg_nr_tokens_received: 65.73684210526316
    avg_nr_tokens_sent: 50.854636591478695
    total_accumulated_costs: 0.0828945
    total_performed_queries: 399
    total_tokens_received: 26229
    total_tokens_sent: 20291
2:
  costs:
    avg_cost_per_query: 0.00031924242424242425
    avg_nr_tokens_received: 111.48484848484848
    avg_nr_tokens_sent: 64.18181818181819
    total_accumulated_costs: 0.031605
    total_performed_queries: 99
    total_tokens_received: 11037
    total_tokens_sent: 6354
3:
  costs:
    avg_cost_per_query: 0.00011011881188118812
    avg_nr_tokens_received: 11.247524752475247
    avg_nr_tokens_sent: 58.415841584158414
    total_accumulated_costs: 0.011122
    total_performed_queries: 101
    total_tokens_received: 1136
    total_tokens_sent: 5900
