1:
  characteristics:
    avg_len_of_explanations: 195.10526315789474
    n_none_responses: 13
    n_parse_errors: 1
    total_length_of_explanations: 40777
    total_responses: 209
  costs:
    avg_cost_per_query: 0.00020697630331753555
    avg_nr_tokens_received: 65.59715639810426
    avg_nr_tokens_sent: 50.52132701421801
    total_accumulated_costs: 0.087344
    total_performed_queries: 422
    total_tokens_received: 27682
    total_tokens_sent: 21320
  performance:
    accuracy: 0.7387387387387387
    n_correct: 164
    n_wrong: 58
2:
  characteristics:
    avg_len_of_explanations: 412.78125
    n_none_responses: 0
    n_parse_errors: 0
    total_length_of_explanations: 330225
    total_responses: 800
  costs:
    avg_cost_per_query: 0.00032686800000000023
    avg_nr_tokens_received: 115.137
    avg_nr_tokens_sent: 64.396
    total_accumulated_costs: 0.3268680000000002
    total_performed_queries: 1000
    total_tokens_received: 115137
    total_tokens_sent: 64396
  performance:
    accuracy: 0.77625
    n_correct: 621
    n_wrong: 179
3:
  characteristics:
    avg_len_of_explanations: 46.84615384615385
    n_none_responses: 67
    n_parse_errors: 4
    total_length_of_explanations: 609
    total_responses: 13
  costs:
    avg_cost_per_query: 0.00010952651515151515
    avg_nr_tokens_received: 11.803030303030303
    avg_nr_tokens_sent: 57.28030303030303
    total_accumulated_costs: 0.0144575
    total_performed_queries: 132
    total_tokens_received: 1558
    total_tokens_sent: 7561
  performance:
    accuracy: 0.725
    n_correct: 58
    n_wrong: 22
