1:
  characteristics:
    avg_len_of_explanations: 195.10526315789474
    n_none_responses: 13
    n_parse_errors: 1
    total_length_of_explanations: 40777
    total_reponses: 209
  costs:
    avg_cost_per_query: 0.00020697630331753555
    avg_nr_tokens_received: 65.59715639810426
    avg_nr_tokens_sent: 50.52132701421801
    total_accumulated_costs: 0.087344
    total_performed_queries: 422
    total_tokens_received: 27682
    total_tokens_sent: 21320
  performance:
    accuracy: 0.7387387387387387
    n_correct: 164
    n_wrong: 58
2:
  characteristics:
    avg_len_of_explanations: 406.8235294117647
    n_none_responses: 0
    n_parse_errors: 0
    total_length_of_explanations: 34580
    total_reponses: 85
  costs:
    avg_cost_per_query: 0.0003267321772639693
    avg_nr_tokens_received: 115.13487475915221
    avg_nr_tokens_sent: 64.30828516377649
    total_accumulated_costs: 0.16957400000000006
    total_performed_queries: 519
    total_tokens_received: 59755
    total_tokens_sent: 33376
  performance:
    accuracy: 0.8235294117647058
    n_correct: 70
    n_wrong: 15
3:
  characteristics:
    avg_len_of_explanations: 46.84615384615385
    n_none_responses: 67
    n_parse_errors: 4
    total_length_of_explanations: 609
    total_reponses: 13
  costs:
    avg_cost_per_query: 0.00010952651515151515
    avg_nr_tokens_received: 11.803030303030303
    avg_nr_tokens_sent: 57.28030303030303
    total_accumulated_costs: 0.0144575
    total_performed_queries: 132
    total_tokens_received: 1558
    total_tokens_sent: 7561
  performance:
    accuracy: 0.725
    n_correct: 58
    n_wrong: 22
